//------仕様-------
//ViewNo：カラーカスタマイズ画面で表示する色見本に使うカラー。パーツの中で目立つものを使う。
//Position0～4：edit_chara000などに登録したポーズに矢印を引く座標。これを登録しないと判定ツールにポーズを登録しても反映されない。
//List、List_p0～3：カラーパレットの番号をカスタマイズするパーツに割り当てる。p0～p3は各パレットファイルに対応。ListとList_p0は同じ。
//タッグキャラは元になるキャラでListを作成する。タッグキャラ用に矢印座標だけ指定する

//-----Positionの座標基準-----
//色が変化する場所が複数あるパーツに線を引く。座標は判定ツールでホイールクリックで取得したものを貼り付けると楽。
//線はなるべくキャラに重ならないようにする。パーツから離れすぎ場合はキャラに重ねても良い。（どのパーツを指してるのかわからなくならないように）
//変化箇所が複数ある場合は最大4本にする（仕様上の上限）
//変化箇所が複数ある場合は線が近くにならないようにする。どうしても近くなる場合は線を減らす
//小物系は変わってるかどうかわかりづらいのでなるべく線を引く
//同じ物に線は二つ引かない（インナーの襟と袖など離れてるけど同じ物）
//X座標は-120より左だと線が引けないのでダメ カットインはそんなに違和感ないのでギリギリ許容する

//PositionX : X=各ポーズ [x1,y1, x2,y2, ... ] と定義する
//※※※表示座標調整した関係でY座標は判定ツールの座標+20する必要があるので注意

local r_charpos=64; // タッグ用右キャラ座標
local l_charpos=-64; // タッグ用左キャラ座標
coloreditinfo <-
{
	//カスタマイズカラーは、肌・目・髪あたりをデフォカラーにして、衣装替え的なものにする
	//1,2,4みたいなのはカスタムカラーのパーツ1～5のどれをデフォで固定にしているか
	chara00_default = {  color00=[0,0,11,16,0,19], color01=[1,0,16,1,0,6], color02=[2,0,20,12,0,15], color03=[3,0,11,14,0,8], color04=[4,0,14,10,0,17], },//1,4
	chara01_default = {  color00=[0,0,1,5,0,19], color01=[1,0,7,8,0,20], color02=[2,0,6,6,0,17], color03=[3,0,13,12,0,12], color04=[4,0,15,17,0,13], },//1,4
	chara02_default = {  color00=[0,0,0,1,2,4], color01=[1,0,0,4,10,13], color02=[2,0,0,10,14,15], color03=[3,0,0,7,16,4], color04=[4,0,0,3,12,9], },//1,2
	chara03_default = {  color00=[0,0,7,11,0,9], color01=[1,0,8,5,0,1], color02=[2,0,5,8,0,17], color03=[3,0,12,14,0,12], color04=[4,0,16,6,0,13], },//1,4
	chara04_default = {  color00=[0,0,9,11,19,0], color01=[1,0,13,7,10,0], color02=[2,0,14,1,11,0], color03=[3,0,8,14,12,0], color04=[4,0,10,17,16,0], },//1,5
	chara05_default = {  color00=[0,0,4,9,5,0], color01=[1,0,15,14,10,0], color02=[2,0,6,11,14,0], color03=[3,0,10,5,13,0], color04=[4,0,14,18,17,0], },//1,5
	chara06_default = {  color00=[0,0,5,2,0,9], color01=[1,0,7,5,0,10], color02=[2,0,10,7,0,12], color03=[3,0,11,10,0,15], color04=[4,0,12,13,0,19], },//1,4
	chara07_default = {  color00=[0,0,4,9,2,0], color01=[1,0,5,13,7,0], color02=[2,0,12,6,10,0], color03=[3,0,19,11,3,0], color04=[4,0,4,12,15,0], },//1,5
	chara08_default = {  color00=[0,8,0,10,6,0], color01=[1,14,0,5,12,0], color02=[2,6,0,9,1,0], color03=[3,11,0,10,13,0], color04=[4,12,0,14,4,0], },//2,5
	chara09_default = {  color00=[0,0,4,9,3,0], color01=[1,0,5,13,8,0], color02=[2,0,12,5,11,0], color03=[3,0,18,12,3,0], color04=[4,0,4,14,4,0], },//1,5
	chara10_default = {  color00=[0,0,18,12,7,0], color01=[1,0,3,13,9,0], color02=[2,0,15,6,11,0], color03=[3,0,19,18,15,0], color04=[4,0,8,5,2,0], },//1,5
	chara11_default = {  color00=[0,0,1,18,8,0], color01=[1,0,10,9,13,0], color02=[2,0,6,15,16,0], color03=[3,0,15,17,6,0], color04=[4,0,9,18,2,0], },//1,5
	chara12_default = {  color00=[0,0,10,1,8,0], color01=[1,0,14,6,9,0], color02=[2,0,15,12,6,0], color03=[3,0,16,11,3,0], color04=[4,0,7,9,15,0], },//1,5
	chara13_default = {  color00=[0,0,4,10,6,0], color01=[1,0,13,16,15,0], color02=[2,0,10,1,13,0], color03=[3,0,9,4,14,0], color04=[4,0,17,18,12,0], },//1,5
	chara14_default = {  color00=[0,0,17,2,6,0], color01=[1,0,10,9,14,0], color02=[2,0,9,10,18,0], color03=[3,0,12,4,15,0], color04=[4,0,11,15,10,0], },//1,5
	chara15_default = {  color00=[0,0,10,9,19,0], color01=[1,0,11,10,14,0], color02=[2,0,17,16,9,0], color03=[3,0,18,6,12,0], color04=[4,0,8,7,11,0], },//1,5
	chara16_default = {  color00=[0,0,15,7,13,0], color01=[1,0,18,17,2,0], color02=[2,0,14,19,16,0], color03=[3,0,16,3,1,0], color04=[4,0,6,10,4,0], },//1,5
	chara17_default = {  color00=[0,0,0,5,4,9], color01=[1,0,0,8,6,10], color02=[2,0,0,10,11,14], color03=[3,0,0,14,13,19], color04=[4,0,0,17,15,16], },//1,2
	chara18_default = {  color00=[0,0,5,17,2,0], color01=[1,0,11,2,18,0], color02=[2,0,10,3,7,0], color03=[3,0,12,14,6,0], color04=[4,0,14,19,8,0], },//1,5
	chara19_default = {  color00=[0,0,8,3,5,0], color01=[1,0,10,11,15,0], color02=[2,0,18,14,9,0], color03=[3,0,16,15,10,0], color04=[4,0,14,19,12,0], },//1,5
	chara20_default = {  color00=[0,0,16,11,9,13], color01=[1,0,9,12,1,6], color02=[2,0,14,6,18,10], color03=[3,0,6,13,10,11], color04=[4,0,11,16,6,7], },//1,5
	chara21_default = {  color00=[0,0,8,9,5,0], color01=[1,0,11,12,10,0], color02=[2,0,10,6,11,0], color03=[3,0,7,15,13,0], color04=[4,0,12,16,14,0], },//1,5
	chara22_default = {  color00=[0,0,18,8,17,0], color01=[1,0,10,19,12,0], color02=[2,0,12,7,2,0], color03=[3,0,5,14,15,0], color04=[4,0,9,13,16,0], },//1,5
	chara23_default = {  color00=[0,0,1,16,15,0], color01=[1,0,9,2,4,0], color02=[2,0,11,4,1,0], color03=[3,0,14,9,3,0], color04=[4,0,17,11,7,0], },//1,5
	chara24_default = {  color00=[0,0,11,4,5,0], color01=[1,0,12,9,8,0], color02=[2,0,13,16,17,0], color03=[3,0,16,18,4,0], color04=[4,0,12,3,14,0], },//1,5
	chara25_default = {  color00=[0,0,4,3,18,0], color01=[1,0,17,9,8,0], color02=[2,0,13,15,4,0], color03=[3,0,16,18,7,0], color04=[4,0,18,3,14,0], },//1,5
	chara26_default = {  color00=[0,0,13,17,14,0], color01=[1,0,4,10,8,0], color02=[2,0,17,7,15,0], color03=[3,0,7,8,5,0], color04=[4,0,1,16,7,0], },//1,5
	
	chara27_default = {  
		color00=[0,0,11,16,0,19],   // 
		color01=[1,0,16,1,0,6],     // 
		color02=[2,0,20,12,0,15],   // 
		color03=[3,0,11,14,0,8],    // 
		color04=[4,0,14,10,0,17],   // 
	};
	
	// chara27 = [
		// {// BASE
			// ViewNo= [6,7,8,9,10,11 ],             
			// Position0=[-27,-240, -21,-317], 
			// Position1=[50,-196, 72,-247],   
			// Position2=[-22,-242,  5,-265],  
			// Position3=[],                   
			// List=[6,7,8,9,10,11,
			// 64, 65, 66, 67, 68, 69, 70, 71, 72, 73, 74, 75, 76, 77, 78, 79, 80, 81, 82, 83, 84, 85, 86, 87, 88, 89, 90, 91, 92, 93, 94, 95 ]          
		// },
		// {// Jacket
			// ViewNo= [24,25,26],                   // Palette swatch numbers most visible for UI
			// Position0=[-27,-240, -21,-317],       // Arrow coords for pose 0
			// Position1=[50,-196, 72,-247],         // Arrow coords for pose 1
			// Position2=[-22,-242,  5,-265],        // Arrow coords for pose 2
			// Position3=[],                         // Arrow coords for pose 3 (optional)
			// List=[24,25,26, 30,31]                     // Palette indices changed by this slot
		// },
		// {// Hair
			// ViewNo=[12,13,14,15],
			// Position0=[-12,-304,],
			// Position1=[93,-243],
			// Position2=[21,-260],
			// Position3=[20,-355],
			// List=[12,13,14,15]
		// },
		// {// Pants
			// ViewNo=[27,28,29],
			// List=[27,28,29]
		// },
		// {// Coat
			// ViewNo=[20,21,22,23],
			// List=[20,21,22,23]
		// },
		// {// Armor
			// ViewNo=[16,17,18,19],
			// List=[16,17,18,19]
		// },
	// ];
	
	chara00 = [ // hyd
		{//ベース
			ViewNo= [96,75,64],
			Position0=[-27,-240, -21, -317, -89,13, -7,-252, ],
			Position1=[50,-196, 72,-247, -88, 11],
			Position2=[-22,-242, 5,-265, -16,-114],
			Position3=[33,-90, -50,-425, -55, -155],
		},// ジャケット1、後頭部、靴,Tシャツ
		{//パーツ1
			ViewNo= [16,17,18,19,20],
			Position0=[-12,-304,],
			Position1=[93,-243],
			Position2=[21,-260],
			Position3=[20,-355],
			List=[16,17,18,19,20,22,23,29],
		},// 前髪
		{//パーツ2
			ViewNo=[112,113,114,115],
			Position0=[-62,-104,],
			Position1=[-4,-88,],
			Position2=[-89,-119],
			Position3=[],
			List=[112,113,114,115],
		},// スラックス
		{//パーツ3
			ViewNo= [75,76,77,78,79],
			Position0=[-17,-250, -49,-149, -26,-197],
			Position1=[84,-198, 8,-104, 35, -157],
			Position2=[-67,-154, -89,-137, -51,-185],
			Position3=[-73,-93, -89,-229, 148,-34],
			List=[70,71,72,73,75,76,77,78,79,80,81,82,83] },//ジャケット2、Yシャツ、ベルト
		{//パーツ4
			ViewNo= [38,39,40,41,42],
			Position0=[41,-133, -3,-282, -2,-264],
			Position1=[41,-101, 115,-227, 100,-218],
			Position2=[-60,-348, 36,-231],
			Position3=[-12,-222, 69,-286],
			List=[1,2,3,4,5,6,7,8,9,11,12,13,15,38,39,40,41,42,43] },// 肌、目、インナー
		{//パーツ5
			ViewNo=[96,97,98,99],
			Position0=[-43,-215, -106,-99],
			Position1=[91,-198, 99,-61],
			Position2=[28,-192, -68,-389],
			Position3=[108,-96, -102,-113],
			List=[96,97,98,99,101,102,104,105,160,161,162,163,164,165,166,167,168,169] },//ワッペン、ネクタイ、インスレーター
	],
	chara01 = [ // Lin
		{//ベース
			ViewNo= [16,48,88],
			Position0=[-34,-170, -18,-203,],
			Position1=[16,-162, 29,-190],
			Position2=[3,-148]
			Position3=[-56,-89]
		}// パーカー
		{//パーツ1
			ViewNo= [8,9,10,11,12],
			Position0=[-32,-248,],
			Position1=[1,-231],
			Position2=[17,-225],
			Position3=[-7,-265],
			List=[8,9,10,11,12,14] },// 髪、眉毛
		{//パーツ2
			ViewNo=[81,82,83,84,85],
			Position0=[-48,-71,],
			Position1=[-22,-74],
			Position2=[2,-69],
			Position3=[],
			List=[81,82,83,84,85] },// 足
		{//パーツ3
			ViewNo= [88,89,90,91,92],
			Position0=[-40,-113, -49,-12],
			Position1=[-3,-111, -39,-10],
			Position2=[12,-94, -26,-16],
			Position3=[],
			List=[88,89,90,91,92,96,97,98,99,100,101,103,104,105,106,123,124,125,126,127] },//スパッツ、ブーツ、靴底、パンツ
		{//パーツ4
			ViewNo= [1,2,3,4,5],
			Position0=[-13,-162, -18,-227, -89,-299],
			Position1=[-36,-166, 26,-213],
			Position2=[-85,-222, 61,-193,],
			Position3=[64,-103, 116,-163,],
			List=[
				1,2,3,4,5,16,17,18,19,20,21,22,23,
				192,193,194,195,196,197,198,199,201,202,203,//クー
				254,255,//クーグラデ
			] },// 肌、目、インナー
		{//パーツ5
			ViewNo=[160,161,162,163,164],
			Position0=[40,-225, 6,-150, -82,-317],
			Position1=[98,-213, 63,-242],
			Position2=[-19,-172, -56,-205],
			Position3=[-188,-226],
			List=[
				128,129,130,131,133,134,135,136,
				144,145,146,147,148,149,150,151,
				160,161,162,163,164,165,166,167,
				205,206,207,208,210,211,212,213,215,216,217,//クー首輪
			]},//グリップ、柄、刀身1、刀身2
	],
	chara02 = [ // Wal
		{//ベース
			ViewNo= [112,32,1],
			Position0=[-102,-313, 113,-205, -70,-110,],
			Position1=[-7,-363, -67,-417, -104,-63],
			Position2=[-33,-222, 44,-188, 72,-88]
			Position3=[-85,-296, -88,-122, 173,-273]
		}// 肩アーマー、腕、靴
		{//パーツ1
			ViewNo= [32,33,34,35,36],
			Position0=[-87,-397, -47,-303],
			Position1=[17,-300, -12,-224],
			Position2=[-105,-304],
			Position3=[111,-376, 13,-73],
			List=[32,33,34,35,36,] },// 髪,胸毛
		{//パーツ2
			ViewNo= [1,2,3,4,5],
			Position0=[-59,-241, 8,-384],
			Position1=[-23,-337, 44,-234],
			Position2=[-89,-177, 16,-254],
			Position3=[-36,-122, 163,-313],
			List=[
				1,2,3,4,5,6,// 肌1,
				8,9,10,//目
			] },
		{//パーツ3
			ViewNo=[121,122,123,124],
			Position0=[112,-7],
			Position1=[36,25],
			Position2=[106,-1],
			Position3=[],
			List=[121,122,123,124] },// ズボン
			// List=[112,113,114,115] },// ズボン
		{//パーツ4
			ViewNo= [48,49,50,51,52],
			Position0=[-103,-354, -73,-191],
			Position1=[76,-376, -41,-178],
			Position2=[-76,-250, -75,-98],
			Position3=[-18,-379],
			List=[48,49,50,51,52,54,55,56,57,58] },//ファー、腰布
		{//パーツ5
			ViewNo=[183,184,185,186,187],
			Position0=[259,-239,],
			Position1=[-66,-212],
			Position2=[121,-170],
			Position3=[-192,51],
			List=[74,75,76,77,78,79,183,184,185,186,187,188,189,190,191] },//爪断面、爪
	],
	chara03 = [ // Car
		{//ベース
			ViewNo= [48,32,1],
			Position0=[-29,-230,-34,-110,],
			Position1=[-3,-204,-61,-117],
			Position2=[-44,-212,-23,-64] 
			Position3=[-43,-29] 
		}//ジャケット、ズボン
		{//パーツ1
			ViewNo= [32,33,34,35,36],
			Position0=[-31,-323,],
			Position1=[27,-278],
			Position2=[9,-268],
			Position3=[78,-247],
			List=[31,32,33,34,35,36,37,38,39,40,75,76,77,78] },// 髪、髪変身前
		{//パーツ2
			ViewNo=[43,44,45,46],
			Position0=[-63,-289],
			Position1=[74, -267],
			Position2=[-30,-264],
			Position3=[-89,-188],
			List=[43,44,45,46] },// ファー
		{//パーツ3
			ViewNo= [64,65,66,67,68],
			Position0=[-58,12, -27,-148, -17,-197],
			Position1=[85,14, -38,-157, -22,-179],
			Position2=[-44,9, -19,-101, -14,-154],
			Position3=[-113,-108],
			List=[24,25,26,27,64,65,66,67,68,69,71,72,82,83,84,85] },//靴、金具、ベルト、
		{//パーツ4
			ViewNo= [1,2,3,4,5],
			Position0=[-64,-264, -8, -309, ],
			Position1=[-1,-225, 43,-254, ],
			Position2=[-38,-146, 34,-243, ],
			Position3=[20,-144, 173,-210, ],
			List=[1,2,3,4,5,6,7,8,9,10,11,12,13,14,15] },// 肌、目
		{//パーツ5
			ViewNo=[113,114,115,116,117],
			Position0=[-56,-184,],
			Position1=[-28,-280],
			Position2=[-49,-83],
			Position3=[-211,-221],
			List=[113,114,115,116,117,118,119,120] },//血液
	],
	chara04 = [ // Ori
		{//ベース
			ViewNo= [48,32,1],
			Position0=[-52,-221, -76,-118,],
			Position1=[-57,-222, -66,-139],
			Position2=[-74,-194, -46,-121, 105,-248] 
			Position3=[-103,-242] 
		}//上着,スカート,タナトス上着
		{//パーツ1
			ViewNo= [16,17,18,19,20],
			Position0=[-25,-305],
			Position1=[-72,-259],
			Position2=[-34,-295, 10,-327],
			Position3=[36,-394,],
			List=[
				16,17,18,19,20,22,23,32,//髪、眉
				236,237,238,//タナトス髪
			] },
		{//パーツ2
			ViewNo=[54,55,56,57,58],
			Position0=[-34,-264,-51,-163,],
			Position1=[-38,-248, -92,-189],
			Position2=[-31,-275, -93,-224, 69,-204],
			Position3=[-37,-211, 99,-76],
			List=[
				54,55,56,57,58,//襟
				// 86,87,88,89,90,//スカート
				// 108,109,110,111,//スカートのライン
				252,253,254,255,//タナトスズボン
			] },
		{//パーツ3
			ViewNo= [80,81,82,83,84],
			Position0=[-32,-114,],
			Position1=[15,-228],
			Position2=[-5,-140, 96,-305],
			Position3=[-74,-69],
			List=[
				70,71,72,73,74,//前掛けの淵
				80,81,82,83,84,//前掛け
				224,225,226,227,//タナトス上着
			] },
		{//パーツ4
			ViewNo=[166,167,168,169,170],
			Position0=[-67,-88, -15,4, 28,-284],
			Position1=[-91,-142, -10,6, -10,6],
			Position2=[14,-105, -20,5, 28,-285, 226,-117],
			Position3=[178,-181],
			List=[
			96,97,98,99,100,112,//装飾
			102,103,104,105,106,//紋章
			128,129,130,132,133,134,135,136,//ヒール
			160,161,162,163,164,//刀身
			166,167,168,169,170,//鍔
			172,173,174,//柄
			208,209,210,211,212,213,214,215,216,217,218,220,221,222,223,//タナトス刀身
			] },
		{//パーツ5
			ViewNo= [24,25,26,27,28],
			Position0=[-1,-297, 0,-316, -18,-216, -20,-46],
			Position1=[0,-271, 0,-79, 8,-206],
			Position2=[-7,-295, -1,-315, -35,-56, 169,-298],
			Position3=[33,-252, 124,-267, 181,-347, -256,45],
			List=[
				1,2,3,4,5,6,//肌
				7,8,9,11,12,13,15,//目
				24,25,26,27,28,//ヘアバンド
				64,65,66,67,68,//腰ひも
				138,139,140,141,142,//ブーツ
				231,232,233,234,//タナトス鎧1
				192,193,194,195,196,197//タナトス肌
			] },
	],
	chara05 = [ // Gor
		{//ベース
			ViewNo= [48,20,96],
			Position0=[-48,-305],
			Position1=[12,-232],
			Position2=[13,-248] 
			Position3=[-93,-332] 
		}//コートA
		{//パーツ1
			ViewNo= [20,21,22,23],
			Position0=[-36,-359,],
			Position1=[63,-269],
			Position2=[77,-334],
			Position3=[45,-352],
			List=[
				20,21,22,23,25,27,//髪
			] },
		{//パーツ2
			ViewNo=[96,97,98,99],
			Position0=[-79,-152,],
			Position1=[-31,-106],
			Position2=[3,-66],
			Position3=[],
			List=[
				96,97,98,99,//ズボン
			] },
		{//パーツ3
			ViewNo= [71,72,73,74,75],
			Position0=[-17,-146],
			Position1=[-39,-168],
			Position2=[26,-177],
			Position3=[-268,53],
			List=[
				71,72,73,74,75,//コートB
				87,88,89,90,91,//コート裏
			] },
		{//パーツ4
			ViewNo=[160,161,162,163,164],
			Position0=[-58,-234, -63,-40,],
			Position1=[41,-171, -79,-26, ],
			Position2=[36,-192, -21,-35, -80,-170],
			Position3=[-286,78],
			List=[
				128,129,130,131,//ベルト
				160,161,162,163,164,165,166,//ブーツ
				168,169,170,171,//靴底
				224,225,226,227,228,229,230,231,232,//鎌刃
				235,236,237,//鎌柄
			] },
		{//パーツ5
			ViewNo= [1,2,3,4,5],
			Position0=[-16,-334, -33,-277],
			Position1=[84,-231, 66,-202],
			Position2=[100,-283],
			Position3=[-89,-156, 48,-221],
			List=[
				1,2,3,4,5,6,7,//肌
				9,10,11,13,14,15,//目
			] },
	],
	chara06 = [ // Mer
		{//ベース
			ViewNo= [1,16,11],
			Position0=[-70,-345],
			Position1=[-50,-359,169,-9],
			Position2=[-95,-375] 
			Position3=[-63,-360, 152,-378] 
		}//肌1,歯
		{//パーツ1
			ViewNo= [16,17,18,19,20],
			Position0=[-82,-415,],
			Position1=[-77,-425],
			Position2=[-102, -450],
			Position3=[-92,-430],
			List=[
				16,17,18,19,20,21,//髪
			] },
		{//パーツ2
			ViewNo= [27,28,29,30,31],
			Position0=[-35,-254],
			Position1=[-23,-237],
			Position2=[-72,-285],
			Position3=[-466,68],
			List=[
				27,28,29,30,31,//肌2
			] },
		{//パーツ3
			ViewNo=[11,12,13,14,15],
			Position0=[13,-372,],
			Position1=[115,-257, 196,-5],
			Position2=[-111, -398],
			Position3=[10,-296, 140,-356],
			List=[
				11,12,13,14,15,//顎喉
				36,37,//羽
				39,40,41,43,44,//口の中
			] },
		{//パーツ4
			// ViewNo=[7,8,9],
			ViewNo=[7],
			Position0=[59,-378,],
			Position1=[74,-381],
			Position2=[-96,-415],
			Position3=[178,-442],
			List=[
				7,8,9,//目
				0,//ViewNoが3個未満だとこれが無いとデバッグ環境でエラーメッセージが出る
			] },
		{//パーツ5
			ViewNo= [254,255],
			Position0=[-64,-260],
			Position1=[-32, -201],
			Position2=[-75, -310],
			Position3=[25,-421],
			List=[
				254,255,//体のライン
				0,//ViewNoが3個未満だとこれが無いとデバッグ環境でエラーメッセージが出る
			] },
	],
	chara07 = [ // Vat
		{//ベース
			ViewNo= [16,48,88],
			Position0=[13,-193, 12,-221, -81,-271],
			Position1=[8,-189, 13,-225, -58,-281],
			Position2=[8,-186, 8,-219, -99,-266]
			Position3=[27,-144, -81,-83, 21,-477, 226,-313]
		}//ドレスサイド、羽
		{//パーツ1
			ViewNo= [16,17,18,19,20],
			Position0=[-13,-265,],
			Position1=[-18,-260],
			Position2=[-25,-259],
			Position3=[13,-319],
			List=[
				16,17,18,19,20,21,22,24,25,// 髪
			] },
		{//パーツ2
			ViewNo=[64,65,66,67,68],
			Position0=[-39,-204, 30,-182],
			Position1=[-50,-208, 33,-190],
			Position2=[-27,-203, 41,-159],
			Position3=[-252,-310, -37,-218],
			List=[
				27,28,29,30,31,//髪留め
				64,65,66,67,68,//服センター
			] },
		{//パーツ3
			ViewNo= [54,55,56,57,58],
			Position0=[4,-226, -36,-110, -27,-143],
			Position1=[-3,-223, -46,-115, -25,-303],
			Position2=[-7,-225, -43,-108, -41,-142],
			Position3=[33,-202, 96,-238],
			List=[
				54,55,56,57,58,//フリルスカート
				// 60,61,62,63,//リボン
				70,71,72,73,74,//フリル袖
				76,77,//スカート紐
				144,145,146,147,148,150,151,152,153,154,//首、襟
			] },
		{//パーツ4
			ViewNo=[122,123,124,125,126],
			Position0=[-7,-254, -12,-6],
			Position1=[-11,-253, -5,-11],
			Position2=[-66,-55],
			Position3=[79,-335],
			List=[
				88,89,90,92,93,94,//耳
				118,119,120,122,123,124,125,126,//パンプス
				138,139,140,142,143,//パンプス
			] },
		{//パーツ5
			ViewNo= [112,113,114,115,116],
			Position0=[14,-246, -5,-213, -31,-148, -9,-81],
			Position1=[10,-243, -29,-292, 0,-72],
			Position2=[10,-245, -12,-211, -34,-145, -14,-75],
			Position3=[154,-240, 161,-274, -41,-255, -40,-200],
			List=[
				1,2,3,4,5,// 肌
				7,8,9,11,12,13,15,//目
				80,81,82,83,84,//服肩
				112,113,114,115,116,//足
				254,255,//体の線
			] },
	],
	chara08 = [ // Set
		{//ベース
			ViewNo= [16,32,96],
			Position0=[-20,-234,],
			Position1=[-44,-257],
			Position2=[-25,-216]
			Position3=[-95,-116]
		}//服1,服2
		{//パーツ1
			ViewNo= [16,17,18,19],
			Position0=[-6,-320,],
			Position1=[-15,-303],
			Position2=[-24,-296],
			Position3=[177,-220],
			List=[
				16,17,18,19,20,// 髪1
			] },
		{//パーツ2
			ViewNo=[21,22,23,24],
			Position0=[-30,-317,],
			Position1=[-24,-285],
			Position2=[-43,-292],
			Position3=[-43,-292],
			List=[
				15,21,22,23,24,25,// 髪2
			] },
		{//パーツ3
			ViewNo= [64,65,66,67,68],
			Position0=[-38,-203],
			Position1=[-34,-159],
			Position2=[-45,-192],
			Position3=[-50,-99],
			List=[
				// 32,33,34,35,36,//服1
				56,57,58,59,60,61,62,63,64,65,66,67,68,//ベルト
			] },
		{//パーツ4
			ViewNo=[96,97,98,99,100],
			Position0=[-49,-122],
			Position1=[11,-93],
			Position2=[-85,-127],
			Position3=[],
			List=[
				96,97,98,99,100,112,113,114,115,//ズボン
			] },
		{//パーツ5
			ViewNo= [102,103,104,105,106],
			Position0=[-7,-297, -25,14, 48,-210],
			Position1=[-46,9, -31,-219],
			Position2=[-27,-277, 67,14, 23,-172],
			Position3=[36,-110, 71,-152,],
			List=[
				1,2,3,4,5,6,7,// 肌
				8,9,10,11,12,13,15,27,28,29,31,//目
				102,103,104,105,106,107,108,118,119,120,//靴
				144,145,146,147,148,149,150,151,152,153,//刃1
				154,155,156,157,158,//柄
				160,161,162,163,164,165,166,167,168,169,//刃2
				171,172,173,174,//ハバキ
			] },
	],
	chara09 = [ // Yuz
		{//ベース
			ViewNo= [16,32,96],
			Position0=[4,-226, ],
			Position1=[-16,-178, ],
			Position2=[-40,-351, ]
			Position3=[-78,-175, ]
		}
		{//パーツ1
			ViewNo= [16,17,18,19,20],
			Position0=[-52,-314,],
			Position1=[59,-229],
			Position2=[-46,-301],
			Position3=[57,-268],
			List=[
				16,17,18,19,20,32,// 髪
			] },
		{//パーツ2
			ViewNo= [48,49,50,51,52],
			Position0=[-45,-238, -40,3],
			Position1=[4,-130, -76,-4],
			Position2=[-21,-224, -17,10],
			Position3=[-103,41],
			List=[
				48,49,50,51,52,54,55,56,57,58,//トップス
				// 160,161,162,163,164,165,166,167,//着物
				// 176,177,179,180,181,183,184,185,186,
				128,129,130,131,132,133,135,136,//サンダル
			] },
		{//パーツ3
			ViewNo=[80,81,82,83,84],
			Position0=[-62,-154],
			Position1=[-30,-82],
			Position2=[-13,-136],
			Position3=[-403,93],
			List=[
				80,81,82,83,84,//レギンス
				92,93,94,95,//縫い目
				96,97,98,99,100,//裏地
			] },
		{//パーツ4
			ViewNo=[86,87,88,89,90],
			Position0=[-102,-178, -58,-199],
			Position1=[111,-65, -18,-119],
			Position2=[-81,-152, -22,-186],
			Position3=[-95,-9, -360,69],
			List=[
				208,209,210,211,212,213,214,215,216,217,218,//刀
				224,225,226,
				228,229,230,
				232,233,234,
				236,237,238,239,
				240,241,243,244,245,246,248,249,250,
				86,87,88,89,90,103,104,105,106,//ベルト
				// 169,170,171,172,173,//着物の柄
			] },
		{//パーツ5
			ViewNo= [1,2,3,4,5],
			Position0=[-21,-301, -53,-212, -23,-338],
			Position1=[82,-150, -12,-127, 63,-197],
			Position2=[-16,-293, -19,-203, -45,-319],
			Position3=[-20,-137, 116,-153, 49,-354],
			List=[
				1,2,3,4,5,6,// 肌
				8,9,10,11,12,13,15,31,//目
				22,23,24,//髪紐
			] },
	],
	chara10 = [ // Hil
		{//ベース
			ViewNo= [16,64,70],
			Position0=[-13,-233],
			Position1=[-16,-246],
			Position2=[12,-258]
			Position3=[-76,30, 190,-148, 128,-97]
		}//ローブ、左目、唇　※左右反転で色が入れ替わるのでローブは分割不可
		{//パーツ1
			ViewNo= [16,17,18,19,20],
			Position0=[-84,-348,],
			Position1=[-102,-353],
			Position2=[-18,-343],
			Position3=[43,-296],
			List=[
				16,17,18,19,20,21,23,24// 髪,眉
			] },
		{//パーツ2
			ViewNo=[90,91,92,93,94],
			Position0=[-33,-335, -10,-200,],
			Position1=[-28,-336, -5,-199],
			Position2=[-5,-333, -43,-203],
			Position3=[63,-396, -304,15, -249,98],
			List=[
				32,33,34,//髪留め
				80,81,82,83,//ベルト右
				85,86,87,88,//ベルト左
				90,91,92,93,94,95,//金属
			] },
		{//パーツ3
			ViewNo=[96,97,98,99,100],
			Position0=[-53,-291,],
			Position1=[-49,-297],
			Position2=[-16,-286],
			Position3=[-64,-299],
			List=[
				96,97,98,99,100,//ファー
			] },
		{//パーツ4
			ViewNo= [128,129,130,131,132],
			Position0=[-1,-5],
			Position1=[-2,-7],
			Position2=[-6,-21],
			Position3=[],
			List=[
				128,129,130,131,132,//ストッキング
			] },
		{//パーツ5
			ViewNo= [144,145,146,147,148],
			Position0=[-10,-306, -21,4],
			Position1=[-3,-305, -15,6],
			Position2=[-16,-299, -14,11],
			Position3=[-3,-102, 123,-164],
			List=[
				1,2,3,4,5,6,// 肌
				26,27,28,29,30,31,//目
				144,145,146,147,148,150,151,152,153,154,//ハイヒール
			] },
	],
	chara11 = [ // Elt
		{//ベース
			ViewNo= [16,48,144],
			Position0=[-37,-236, -17,-310, -15,-251],
			Position1=[-27,-232, -8,-307, -3,-252],
			Position2=[-34,-172, -61,-233],
			Position3=[-69,-233, 88,-406, 38,-120, 133,25],
		}//ジャケット、帽子,ネクタイ
		{//パーツ1
			ViewNo= [16,17,18,19,20],
			Position0=[-25,-292,],
			Position1=[-10,-288],
			Position2=[-56,-208],
			Position3=[-15,-337],
			List=[
				16,17,18,19,20,31,32,// 髪、眉
			] },
		{//パーツ2
			ViewNo=[240,241,242,243,244],
			Position0=[-51,-136, -45,-6],
			Position1=[-51,-136, -45,-6],
			Position2=[-4,-81, -87,-9],
			Position3=[],
			List=[
				176,177,178,179,180,//ふともも
				240,241,242,243,244,245,247,248,249,251,252,//靴
			] },
		{//パーツ3
			ViewNo= [144,145,146,147,148],
			Position0=[-51,-167],
			Position1=[-35,-169],
			Position2=[-11,-105],
			Position3=[-367,87],
			List=[
				144,145,146,147,148,//スカート
				// 156,157,158,159,//ネクタイ
			] },
		{//パーツ4
			ViewNo=[112,113,114,115,116],
			Position0=[-56,-207, 46,-268, -50,-151, -30,-219,],
			Position1=[-47,-189, 77,-290, -41,-151, -18,-212],
			Position2=[-28,-141, -17,-249, -6,-91, 18,-164],
			Position3=[197,-355, -100,69, 95,42, -24,-81],
			List=[
				54,55,56,57,//金属
				80,81,82,83,84,//ジャケットスカート裾
				112,113,114,115,116,//カーディガン
			] },
		{//パーツ5
			ViewNo= [208,209,210,211,212],
			Position0=[-5,-279, -48,-265, -43,-88],
			Position1=[9,-279, -39,-265, -48,-88],
			Position2=[-19,-216, -53,-183, -11,-44],
			Position3=[95,-224, 156,-268, -38,-286],
			List=[
				1,2,3,4,5,6,//肌
				8,9,10,11,12,13,15,//目
				22,23,24,25,27,28,29,//髪留め
				192,193,194,195,196,197,//ニーソ境目
				208,209,210,211,212,213,//ニーソ
				224,225,226,227,228,229,//ニーソライン
			] },
	],
	chara12 = [ // Nan
		{//ベース
			ViewNo= [16,70,118],
			Position0=[-23,-195,-39,-145, ],
			Position1=[10,-142, -2,-125, ],
			Position2=[9,-150, 0,-195, ]
			Position3=[-67,-239, ]
		}//ニットベスト
		{//パーツ1
			ViewNo= [16,17,18,19,20],
			Position0=[-37,-284,],
			Position1=[0,-228],
			Position2=[-37,-112],
			Position3=[-10,-349],
			List=[
				15,16,17,18,19,20,26,// 髪,眉
			] },
		{//パーツ2
			ViewNo= [54,55,56,57,58],
			Position0=[-37,-229, 16,-238],
			Position1=[-1,-178, 48,-198],
			Position2=[-26,-46, 20,-78],
			Position3=[-57,-219, -94,-261],
			List=[
				54,55,56,57,58,//胸リボン
				64,65,66,67,68,//シャツ
				80,81,82,83,84,//シャツ袖
			] },
		{//パーツ3
			ViewNo=[128,129,130,131,132],
			Position0=[-52,-85],
			Position1=[-21,-75],
			Position2=[32,-255],
			Position3=[],
			List=[
				// 118,119,120,121,122,//スカート
				128,129,130,131,132,//足
				144,145,146,147,148,//ソックス境界
				160,161,162,163,164,//ソックス
			] },
		{//パーツ4
			ViewNo=[224,225,226,227,228],
			Position0=[-100,-131, -105,-23],
			Position1=[-92,-145, -101,-27],
			Position2=[-92,6, 22,-333],
			Position3=[-46,-153],
			List=[
				192,193,194,195,196,198,199,200,201,202,203,//ウイングレット
				208,209,210,211,212,//刃
				215,216,217,218,219,//玉
				224,225,226,227,228,229,230,//刀身
				232,233,234,//柄
			] },
		{//パーツ5
			ViewNo= [150,151,152,153,154,],
			Position0=[5,-265, -17,-298, -85,5],
			Position1=[16,-214, -7,-249, -90,2],
			Position2=[8,-95, -33,-77, 28,-358],
			Position3=[16,-249, 109,-327, 78,-359, 23,-447],
			List=[
				1,2,3,4,5,// 肌
				7,8,9,10,11,12,13,31,//目
				22,23,24,//髪リボン
				32,33,34,35,36,44,//ヘアピン、境目
				150,151,152,153,154,155,157,167,168,169,171,172,173,//靴
			] },
	],
	chara13 = [ // Bya
		{//ベース
			ViewNo= [16,48,112],
			Position0=[-45,-249, 15, -234],
			Position1=[10,-241, -32, -253],
			Position2=[-32,-265, -95,-223]
			Position3=[28,-265, 37,-225, -47,-217]
			Position4=[-107,-275, -110,-157, 216,-333]
		}//学ラン,ループタイ
		{//パーツ1
			ViewNo= [16,17,18,19,20],
			Position0=[-26,-313,],
			Position1=[-8,-305],
			Position2=[-66,-233],
			Position3=[29,-309, -42,-337],
			Position4=[-51,-387],
			List=[
				15,16,17,18,19,20,32,// 髪,眉
				208,209,210,211,212,//ツクヨミ髪
			] },
		{//パーツ2
			ViewNo= [112,113,114,115,116],
			Position0=[-33,-112],
			Position1=[-31,-140],
			Position2=[-37,-174],
			Position3=[12,-149, -43,-44],
			Position4=[-288,68],
			List=[
				112,113,114,115,116,//スラックス
				118,119,120,121,123,124,125,126,127,//ベルト
				240,241,242,243,//ツクヨミタイツ
			] },
		{//パーツ3
			ViewNo=[64,65,66,67,68],
			Position0=[15,-215,],
			Position1=[-10,-243],
			Position2=[34,-265],
			Position3=[37,-214, -30,-269],
			Position4=[-65,-200],
			List=[
				64,65,66,67,68,70,71//シャツ
				80,81,82,83,84,//シャツ線
				// 86,87,//ループタイ
				230,231,232,//ツクヨミネクタイ
			] },
		{//パーツ4
			ViewNo=[172,173,174,175],
			Position0=[-95,-355,],
			Position1=[-92,-362],
			Position2=[-78,-345],
			Position3=[-13,-337],
			Position4=[239,-387],
			List=[
				172,173,174,175,251,//爪 ※Paniなので実際使ってるのは251だけ
				252,//爪エフェクト
				220,221,222,223,//ツクヨミ花飾り
			] },
		{//パーツ5
			ViewNo= [144,145,146,147,148],
			Position0=[0,-294, -52,21],
			Position1=[9,-288, -51,11],
			Position2=[-56,-210, -88,-36],
			Position3=[36,-292, 35,20, -39,-313, -41,1],
			Position4=[11,-234, 48,-276],
			List=[
				1,2,3,4,5,6,7,//肌
				9,10,11,13//目
				144,145,146,147,148,//シューズ
				150,151,152,//靴ひも
				160,161,162,163,164,166,167,168,169,170,//つま先、靴底
				193,194,195,196,197,198,199,//ツクヨミ肌
				201,202,203,205,//ツクヨミ目
				246,247,248,249,250,//ツクヨミローファー
			] },
	],
	chara14 = [ // Aka
		{//ベース
			ViewNo= [16,64,128],
			Position0=[-57,-219],
			Position1=[-18,-166],
			Position2=[-105,-160]
			Position3=[-71,-231]
			Position4=[-108,-141]
		}//トップス
		{//パーツ1
			ViewNo= [16,17,18,19,20],
			Position0=[-40,-304,],
			Position1=[50,-243],
			Position2=[-111,-229],
			Position3=[-30,-329],
			Position4=[-61,-352],
			List=[
				15,16,17,18,19,20,21,// 髪,眉
			] },
		{//パーツ2
			ViewNo= [128,129,130,131,132],
			Position0=[-57,-97],
			Position1=[-62,-89],
			Position2=[-88,-51],
			Position3=[-62,-23],
			Position4=[],
			List=[
				128,129,130,131,132,134,135,136,137,138,144,145,146,147,148,//ボトムス
			] },
		{//パーツ3
			ViewNo= [48,49,50,51,52],
			Position0=[-34,-266],
			Position1=[52,-216, 26,-205],
			Position2=[-112,-204],
			Position3=[-12,-285, 54,-45],
			Position4=[-69,-133, 30,-81],
			List=[
				48,49,50,51,52,53,54,55,56,//襟
				61,62,63,//襟章
				208,209,210,211,212,//鞄
			] },
		{//パーツ4
			ViewNo=[160,161,162,163,164],
			Position0=[69,13],
			Position1=[-90,16],
			Position2=[62,11],
			Position3=[-70,13],
			Position4=[],
			List=[
				160,161,162,163,164,166,167,168,169,170,172,173,174,175,176,//シューズ
			] },
		{//パーツ5
			ViewNo=[85,86,87,88,89],
			Position0=[-4,-285, 17,-263,93,4],
			Position1=[-11,-214, ],
			Position2=[-114,-286, 87,0],
			Position3=[-14,-314, 30, 4],
			Position4=[45,-180, 117,-231, -108,70],
			List=[
				1,2,3,4,5,6,//肌
				7,8,9,11,12,13,//目
				85,86,87,88,89,//グローブ
				91,92,93,94,95,//電極
				// 80,81,82,83,84,96,97,98,99,100,//袖
			] },
	],
	chara15 = [ // Cha
		{//ベース
			ViewNo= [16,64,128],
			Position0=[-35,-240, -33,-201],
			Position1=[-47,-250, -25,-173],
			Position2=[-39,-278, 3,-402, -54,-235, ]
			Position3=[-92,-102, -49,-9]
		}//ジャケット,ニット
		{//パーツ1
			ViewNo= [16,17,18,19,20],
			Position0=[-28,-329],
			Position1=[-31,-281],
			Position2=[-47,-317, 43,-453],
			Position3=[-74,-291],
			List=[
				16,17,18,19,20,22,33,// 髪,眉
				230,231,232,233,//ダハーカ髪
			] },
		{//パーツ2
			ViewNo= [128,129,130,131,132],
			Position0=[-38,-122],
			Position1=[-64,-128],
			Position2=[-66,-116, 78,-310],
			Position3=[],
			List=[
				128,129,130,131,132,//パンツ
				144,145,146,147,148,//パンツ折り返し
				160,161,162,163,164,//パンツライン
				224,225,226,227,//ダハーカ腹
			] },
		{//パーツ3
			ViewNo=[43,44,45,46,47],
			Position0=[-4,-262, -103,-255, ],
			Position1=[-79,-211],
			Position2=[-38,-257, -112,-220, 126,-403],
			Position3=[-70,18, -224,62],
			List=[
				// 96,97,98,99,100,102,//ニット
				27,28,29,30,31,//ペンダントチェーン
				43,44,45,46,47,//ペンダント
				176,177,178,179,181,182,183,184,186,187,188,189,190,//本
				240,241,242,243,//ダハーカ模様
			] },
		{//パーツ4
			ViewNo=[135,136,137,138],
			Position0=[-23,0],
			Position1=[111,-2],
			Position2=[-48,1, 247,-420],
			Position3=[],
			List=[
				135,136,137,138,140,141,151,152,153,154,156,157,158,//靴
				245,246,247,//ダハーカ爪
			] },
		{//パーツ5
			ViewNo= [106,107,108,109,110],
			Position0=[-5,-307, -26,-27],
			Position1=[123,-245, -112,-35],
			Position2=[-27,-299, -44,-22, 197,-373],
			Position3=[17,-68, 35,-125],
			List=[
				1,2,3,4,5,6,//肌
				8,9,10,12,13,15,//目
				24,25,26,//メガネ
				106,107,108,109,110,111,//ソックス
				214,215,//ダハーカ目
			] },
	],
	chara16 = [ // Wag
		{//ベース
			ViewNo= [16,64,128],
			Position0=[-20,-224, ],
			Position1=[1,-213, ],
			Position2=[-22,-187, ]
			Position3=[-82,-108, ]
		}//ジャケット1
		{//パーツ1
			ViewNo= [16,17,18,19,20],
			Position0=[-39,-302],
			Position1=[-21,-302],
			Position2=[35,-223],
			Position3=[1,-409],
			List=[
				16,17,18,19,20,22,// 髪,眉
			] },
		{//パーツ2
			ViewNo=[48,49,50,51,52],
			Position0=[-7,-265, -24,-197],
			Position1=[-1,-196, 15,-255],
			Position2=[-9,-130, 24,-183],
			Position3=[0,-226, -105,-98, -213,-17],
			List=[
				48,49,50,51,52,//ブラウス
				54,55,56,57,58,//襟
				60,61,62,63,//金属
				// 70,71,72,73,74,//袖
				// 80,81,82,83,84,//ジャケット2
				86,87,88,89,90,//ベルト
				96,97,98,99,100,//ジャケットライン
			] },
		{//パーツ3
			ViewNo= [112,113,114,115,116],
			Position0=[-29,-159, 26,-241, -101,-174],
			Position1=[22,-158, 46,-268, -91,-195],
			Position2=[-36,-120, 84,-193, -88,-179],
			Position3=[-196,84, 226,-224, -74,-211],
			List=[
				112,113,114,115,116,117,//パンツ
				128,129,130,131,132,133,//スパッツ
				203,204,205,206,207,//盾
				213,214,215,216,218,219,220,221,222,223,//装飾
				227,228,229,230,231,232,233,234,235,236,237,238,239,//刀身
			] },
		{//パーツ4
			ViewNo=[119,120,121,122,123],
			Position0=[-27,-139, -57,-243],
			Position1=[16,-135, -30,-250],
			Position2=[-30,-87, -106,-199],
			Position3=[-96,-338, -446,78],
			List=[
				144,145,146,147,148,149,//太もも
				119,120,121,122,123,//マント
				135,136,137,138,139,
				151,152,153,154,155,
				167,168,169,170,171,
			] },
		{//パーツ5
			ViewNo= [208,209,210,211,212],
			Position0=[-11,-294, -19,-120, -33,-59],
			Position1=[8,-294, 2,-116, -33,-59],
			Position2=[61,-204, -26,-60, -102,-46],
			Position3=[84,-279, 145,-344,],
			List=[
				1,2,3,4,5,6,//肌
				8,9,10,12,13,15,//目
				160,161,162,163,164,165,//ニーソ
				192,193,194,195,196,//ブーツ折り返し
				208,209,210,211,212,//ブーツ
				224,225,//靴底
			] },
	],
	chara17 = [ // Enk
		{//ベース
			ViewNo= [32,1,70],
			Position0=[-108,-109],
			Position1=[-1,-153],
			Position2=[-13,-271]
			Position3=[-221,84]
		}//着物
		{//パーツ1
			ViewNo= [32,33,34,35,36],
			Position0=[-38,-334,],
			Position1=[-103,-343],
			Position2=[-30,-386],
			Position3=[-17,-228],
			List=[
				32,33,34,35,36,38// 髪,眉
			] },
		{//パーツ2
			ViewNo=[1,2,3,4,5],
			Position0=[-38,-233],
			Position1=[-107,-270],
			Position2=[-40,-288],
			Position3=[-87,-298],
			List=[
				1,2,3,4,5,//肌
				7,8,9,11,12,13,15,//目
			] },
		{//パーツ3
			ViewNo= [17,18,19,20,21],
			Position0=[-51,-267,],
			Position1=[-105,-319, ],
			Position2=[-47,-316, ],
			Position3=[-105,-46, ],
			List=[
				// 70,71,72,73,74,//袴
				17,18,19,20,21,//入れ墨
			] },
		{//パーツ4
			ViewNo=[96,97,98,99,100],
			Position0=[-96,-157],
			Position1=[-96,-187],
			Position2=[-65,-210],
			Position3=[-165,33],
			List=[
				
				96,97,98,99,100,//襦袢
			] },
		{//パーツ5
			ViewNo= [163,164,165,166,167],
			Position0=[-36,-187, -100,-234, 127,-16],
			Position1=[-65,-373, -63,5],
			Position2=[-90,-200, -57,-9, 49,-116],
			Position3=[-222,46, 152,-359],
			List=[
				102,103,104,105,106,107,108,109,110,111,//ベルト
				123,124,125,126,127,//金具
				128,129,130,131,132,133,134,//手かせ
				136,137,138,139,140,//鎖
				160,161,163,164,165,166,167,169,170,171,//靴1
				179,180,181,182,183,//靴2
			] },
	],
	chara18 = [ // Lnd
		{//ベース
			ViewNo= [35,64,182],
			Position0=[-25,-239, 3,-276],
			Position1=[-26,-197],
			Position2=[-62,-172, -31,-78]
			Position3=[-93,-70, -195,-8, -155,-314]
		}//ジャケット
		{//パーツ1
			ViewNo= [35,36,37,38,39],
			Position0=[-23,-342,],
			Position1=[-6,-331],
			Position2=[-60,-110],
			Position3=[-32,-405],
			List=[
				32,35,36,37,38,39,41,76,77,// 髪、眉、アホ毛
			] },
		{//パーツ2
			ViewNo=[70,71,72,73,74],
			Position0=[-40,-284, 72,-249, -83,-214],
			Position1=[-14,-273, 137,-244, -66,-192],
			Position2=[-63,-136, -101,-187, 22,-153],
			Position3=[-35,-35, -60,-443, -276,42],
			List=[
				70,71,72,73,74,//ケープ
				86,87,88,89,90,//ケープ襟
				224,225,226,227,//柄
				233,234,235,236,237,238,//金属
				254,255,//杖
			] },
		{//パーツ3
			ViewNo= [182,183,184,185,186],
			Position0=[-3,-294, -24,-166],
			Position1=[28,-159],
			Position2=[-51,-58],
			Position3=[-74,-154],
			List=[
				123,124,125,126,127,//Yシャツ
				182,183,184,185,186,//スラックス
			] },
		{//パーツ4
			ViewNo=[144,145,146,147,148],
			Position0=[62,-291],
			Position1=[89,-249],
			Position2=[-50,11],
			Position3=[-170,-404],
			List=[
				128,129,130,131,132,//グローブ
				144,145,146,147,148,//グローブ
				// 139,140,141,142,143,//ベスト襟
				// 155,156,157,158,159,//ベスト
				// 171,172,173,174,175,//スカーフ
			] },
		{//パーツ5
			ViewNo= [192,193,194,195,196],
			Position0=[-3,-317, -38,-101],
			Position1=[22,-308, -26,-81],
			Position2=[-42,-86, -98,-65],
			Position3=[26,-208, 106,-286],
			List=[
				1,2,3,4,5,7,8,9,11,12,13,//肌、目
				176,177,178,179,180,//ブーツ折り返し
				192,193,194,195,196,//ブーツ
				208,209,210,211,212,//ソール
			] },
	],
	chara19 = [ // Tur
		{//ベース
			ViewNo= [16,48,112],
			Position0=[-34,-248, -15,-236, ],
			Position1=[-31,-259, -57,-227],
			Position2=[-35,-175, 1,-158]
			Position3=[-46,-89, -30,-212]
		}//シャツ
		{//パーツ1
			ViewNo= [16,17,18,19,20],
			Position0=[-10,-327,],
			Position1=[-12,-318],
			Position2=[-55,-218],
			Position3=[-59,-502],
			List=[
				16,17,18,19,20,22,// 髪,眉
			] },
		{//パーツ2
			ViewNo=[214,215,216,217,218],
			Position0=[98,-220],
			Position1=[100,-268],
			Position2=[122,-184],
			Position3=[161,-273],
			List=[
				208,209,210,211,212,//盾
				214,215,216,217,218,219,//盾
				230,231,232,233,234,235,//盾
			] },
		{//パーツ3
			ViewNo= [112,113,114,115,116],
			Position0=[-60,-129],
			Position1=[-85,-117],
			Position2=[-37,-98],
			Position3=[],
			List=[
				112,113,114,115,116,//スラックス
			] },
		{//パーツ4
			ViewNo=[192,193,194,195,196,197],
			Position0=[31,-216],
			Position1=[31,-266],
			Position2=[21,-219],
			Position3=[103,-135],
			List=[
				192,193,194,195,196,197,//ガントレット1
				198,199,200,201,202,203,//ガントレット2
				205,206,207,//ガントレット革
			] },
		{//パーツ5
			ViewNo= [144,145,146,147,148],
			Position0=[13,-314, -66,-271, 77,12],
			Position1=[12,-317, -53,-257, 104,21],
			Position2=[-30,-200, -48,-254, 13,14],
			Position3=[5,-344, 112,-447,-253,-193],
			List=[
				1,2,3,4,5,8,9,10,11,12,13,15,//肌、目
				64,65,66,67,68,70,71,72,74,75,76,77,//腕章
				// 80,81,82,83,84,86,87,88,91,92,//ネクタイ
				144,145,146,147,148,//靴1
				150,151,152,153,154,//靴ベロ
				156,157,158,159,//靴下
				160,161,162,163,164,//靴2
				166,168,169,//靴ひも、靴ライン
			] },
	],
	chara20 = [ // Udu
		{//ベース
			ViewNo= [24,54,91],
			Position0=[-10,-198, -32,-290],
			Position1=[-34,-72, -36,-169],
			Position2=[-106,-193, 15,-235]
			Position3=[-10,-180, -107,-259]
			Position4=[-101,0, -10,-292]
		}//ビスチェ,ハット
		{//パーツ1
			ViewNo= [24,25,26,27,28],
			Position0=[-43,-202],
			Position1=[-63,-68],
			Position2=[-111,-263],
			Position3=[-38,-241],
			Position4=[186,-388],
			List=[
				24,25,26,27,28,11,15,// 髪,まつげ,眉
			] },
		{//パーツ2
			ViewNo= [91,92,93,94,95],
			Position0=[-31,-188, 26,-112],
			Position1=[-19,-69, -23,-18],
			Position2=[-91,-267, -58,-94],
			Position3=[-69,-227, -35,-88],
			Position4=[139,-154],
			List=[
				91,92,93,94,95,//グローブ
				107,108,109,110,111,//グローブ
				169,170,171,172,173,174,175,//ブーツ
				187,188,189,190,191,//ブーツ
			] },
		{//パーツ3
			ViewNo=[118,119,120,121,122],
			Position0=[-21,-152],
			Position1=[-37,-37],
			Position2=[-86,-152],
			Position3=[-47,-148],
			Position4=[],
			List=[
				118,119,120,121,122,//ドロワーズ
				134,135,136,137,138,//ドロワーズ
				150,151,152,153,154,//ドロワーズ
			] },
		{//パーツ4
			ViewNo=[192,193,194,195,196],
			Position0=[-28,-169, -64,-110, 11,-129, 23,-236],
			Position1=[-47,-52, 118,-70, -74,-10, 27,-108],
			Position2=[-90,-173, -107,-133, -110,-153, -73,-235],
			Position3=[-25,-154, -103,-130, 52,-141],
			Position4=[-90,-233, -6,-86],
			List=[
				61,62,63,//メガネ
				112,113,114,115,116,//ベルト
				128,129,130,131,132,//ベルト
				192,193,194,195,196,//アンブレラ
				208,209,210,211,212,//アンブレラ
				224,225,227,228,229,230,//アンブレラ
				198,199,200,201,202,//バッグ
				214,215,216,217,218,//バッグ
				220,221,222,223,//バッグ
			] },
		{//パーツ5
			ViewNo= [160,161,162,163,164],
			Position0=[17,-231, -16,-211, 16,-159],
			Position1=[24,-104, -27,-89, -15,-41],
			Position2=[-83,-232, -110,-220, -60,-129],
			Position3=[-50,-222, -40,-161],
			Position4=[-81,-179, -94,-112],
			List=[
				1,2,3,4,5,6,8,9,13,//肌、目
				17,18,19,20,21,22,//肩
				160,161,162,163,164,//タイツ
			] },
	],
	chara21 = [ // Mik
		{//ベース
			ViewNo= [64,80,112],
			Position0=[-50,-260, -26,-197, -35,-146],
			Position1=[72,-128, 29,-113, -42,-80],
			Position2=[8,-245, -1,-189, -55,-153]
			Position3=[-94,-240, 41,-495, -185,101]
		}//甲冑
		{//パーツ1
			ViewNo= [64,65,66,67,68],
			Position0=[-32,-239,],
			Position1=[59,-109],
			Position2=[22,-227],
			Position3=[-80,-549],
			List=[
				15,64,65,66,67,68,69,// 髪,眉
			] },
		{//パーツ2
			ViewNo=[192,193,194,195,196],
			Position0=[-43,-193, -49,-82, -93,-148,],
			Position1=[25,-221, 26,-147, -56,-39],
			Position2=[-16,-213, -84,-128, -81,-288],
			Position3=[133,-377],
			List=[
				128,129,130,131,133,134,135,136,//手袋,靴下
				192,193,194,195,196,198,//ガントレット腕
				200,201,202,203,204,//ガントレット金属
				208,209,210,211,213,214,215,////ガントレット腕
				217,218,219,//宝玉
			] },
		{//パーツ3
			ViewNo= [112,113,114,115,116],
			Position0=[-37,-117],
			Position1=[-43,-65],
			Position2=[-48,-135],
			Position3=[],
			List=[
				112,113,114,115,116,//ズボン
				118,119,120,121,//折り返し
			] },
		{//パーツ4
			ViewNo=[17,18,19,20,21],
			Position0=[-22,-187,-30,-260],
			Position1=[25,-108, 66,-121],
			Position2=[-9,-179, 27,-248],
			Position3=[-70,-201, -102,-107, 48,-475],
			List=[
				17,18,19,20,21,22,23,//肌2
				28,29,30,//リボン
				33,34,35,36,37,38,39,//インナー
			] },
		{//パーツ5
			ViewNo= [160,161,162,163,164],
			Position0=[-13,-235, -43,-99, -75,-33],
			Position1=[41,-95, -46,-47,-95,-21],
			Position2=[25,-214, -65,-136, -62,-37],
			Position3=[-106,-431],
			List=[
				1,2,3,4,5,6,7,8,9,10,11,12,13,15,31,//肌、目
				160,161,162,163,164,166,167,169,170,171,172,173,//靴
			] },
	],
	chara22 = [ // Kag
		{//ベース
			ViewNo= [16,64,112],
			Position0=[-30,-235, -45,-284,],
			Position1=[-17,-224, -8,-270,],
			Position2=[-52,-129, -80,-166, ]
			Position3=[-47,-256, -97,42, ]
		}//コルセット
		{//パーツ1
			ViewNo= [16,17,18,19,20],
			Position0=[-29,-316,],
			Position1=[-31,-309],
			Position2=[-72, -215],
			Position3=[-18,-473],
			List=[
				16,17,18,19,20,22,// 髪,眉
			] },
		{//パーツ2
			ViewNo=[112,113,114,115,116],
			Position0=[-76,-274,-61,-135],
			Position1=[47,-283, -83,-153],
			Position2=[-88,-145, -96,-91],
			Position3=[202,-151, -321,61],
			List=[
				26,27,28,29,30,31,//手袋ライン
				42,43,44,45,46,47,//手袋
				112,113,114,115,116,//スカート
				118,119,120,121,122,//刺繍
				136,137,138,139,140,//紋章
			] },
		{//パーツ5
			ViewNo=[128,129,130,131,132],
			Position0=[-29,-139, -21,17],
			Position1=[-30,-63, -31,-2],
			Position2=[-48,-58, 153,16],
			Position3=[],
			List=[
				// 48,49,50,51,52,//上着
				// 54,55,56,57,58,//袖口
				128,129,130,131,132,134,//フレアスカート
				176,178,179,180,181,182,184,185,186,//靴
			] },
		{//パーツ4
			ViewNo= [224,225,226,227,228],
			Position0=[-67,-354, -38,-205,],
			Position1=[57,-255, -28,-204],
			Position2=[38,-314, -44,-108],
			Position3=[-16,-169, -84,75, -329,81,],
			List=[
				208,209,210,211,212,//銃
				224,225,226,227,228,//銃
				70,71,72,73,74,//金属
				102,103,104,105,106,//ベルト
			] },
		{//パーツ5
			ViewNo= [160,161,162,163,164],
			Position0=[2,-316, 15,-160, -23,-91],
			Position1=[-16,-247, -14,-41],
			Position2=[-42,-202, 12,-84, 62,-50],
			Position3=[102,-310],
			List=[
				1,2,3,4,5,6,//肌
				8,9,10,11,12,13,15,//目
				160,161,162,163,164,//ブーツ
				166,167,168,169,170,//下着
			] },
	],
	chara23 = [ // Kuo
		{//ベース
			ViewNo= [68,48,54],
			Position0=[-4,-218, -64,-168,],
			Position1=[-58,-182, -81,-150],
			Position2=[-3,-147, -98,-170]
			Position3=[-107,13, 54,-183,]
		}//肌虚無、ローブ裏
		{//パーツ1
			ViewNo= [68,69,70,71,72],
			Position0=[-59,-356,],
			Position1=[-57,-345],
			Position2=[-62,-332],
			Position3=[-86,-348],
			List=[
				65,66,//メッシュ
				15,68,69,70,71,72,73,74,86,// 髪、眉
			] },
		{//パーツ2
			ViewNo=[48,49,50,51,52],
			Position0=[-30,-268,],
			Position1=[1,-253],
			Position2=[-66,-238],
			Position3=[-84,-108],
			List=[
				48,49,50,51,52,//ローブ
			] },
		{//パーツ3
			ViewNo= [96,97,98,99,100],
			Position0=[-72,-254],
			Position1=[-99,-214],
			Position2=[18,-349],
			Position3=[98,-88],
			List=[
				96,97,98,99,100,//ベルト
			] },
		{//パーツ4
			ViewNo=[102,103,104,105,106],
			Position0=[-93,-188, -38,-445],
			Position1=[103,-327, 48,-178],
			Position2=[15,-197, -106,-413],
			Position3=[-159,-183],
			List=[
				// 54,55,56,57,58,59,//ローブ裏
				102,103,104,105,106,108,109,110,// 金属
				252,// 刀
			] },
		{//パーツ5
			ViewNo= [1,2,3,4,5],
			Position0=[12,-313],
			Position1=[-4,-317],
			Position2=[-107,-412],
			Position3=[-43,16, -44,-182],
			List=[
				1,2,3,4,5,6,//肌1
				8,9,10,11,12,13,15,//目
			] },
	],
	chara24 = [ // Pho
		{//ベース
			ViewNo= [15,80,112],
			Position0=[-19,-197],
			Position1=[32,-187],
			Position2=[-25,-188]
			Position3=[-95,-102]
		}//ジャンパースカート
		{//パーツ1
			ViewNo= [16,17,18,19,20],
			Position0=[-5,-290,],
			Position1=[-14,-275],
			Position2=[-22,-282],
			Position3=[-68,-479],
			List=[
				16,17,18,19,20,22// 髪,眉
			] },
		{//パーツ2
			ViewNo=[80,81,82,83,84],
			Position0=[10,-246,],
			Position1=[-6,-222],
			Position2=[11,-246],
			Position3=[13,-231],
			List=[
				80,81,82,83,84,86,87,88,89,90,//ジャケット
			] },
		{//パーツ3
			ViewNo=[224,225,226,227,228],
			Position0=[-39,-22,],
			Position1=[-31,-23],
			Position2=[-54,-16],
			Position3=[],
			List=[
				// 96,97,98,99,100,102,103,104,105,106,107,108,109,110,111,//ワンピース
				// 118,119,120,121,122,//ワンピースライン
				224,225,226,227,228,//ソックス
			] },
		{//パーツ4
			ViewNo= [208,209,210,211,212],
			Position0=[-29,-102],
			Position1=[4,-110],
			Position2=[-33, -93],
			Position3=[-220,120],
			List=[
				144,145,146,147,148,149,//下着
				160,161,162,163,164,165,//タイツ1
				176,177,178,179,180,181,//タイツ2
				192,193,194,195,196,//タイツニーソ1
				208,209,210,211,212,//タイツニーソ2
			] },
		{//パーツ5
			ViewNo= [48,49,50,51,52],
			Position0=[-5,-272, -11,-296, -57,-215, -37, 11],
			Position1=[18,-259, 6,-284, -28,-173, -41,4],
			Position2=[-2,-271, -7,-291, 50,-326, -73,16],
			Position3=[-54,-273, 111,-336, -20,-417, 127,-301],
			List=[
				1,2,3,4,5,6,//肌
				8,9,10,11,12,13,15,//目
				48,49,50,51,52,//ヘッドフォン
				54,55,56,57,58,59,60,61,62,63,//耳当て
				183,184,185,186,187,//ムチ
				199,200,201,203,204,205,//グリップ
				151,152,153,154,155,156,157,158,//靴
				172,173,174,//靴裏
			] },
	],
	chara25 = [ // Ogr
		{//ベース
			ViewNo= [64,25,144],
			Position0=[-88,-297, -43,-381, -44,-343],
			Position1=[-10,-233, -5,-300,],
			Position2=[-92,-269, -74,-343]
			Position3=[16,-213, 104,-248, 111,-236],
			Position4=[-104,-349, 36,-443, -39,-382],
		}//ジャケット,帽子,髪留め
		{//パーツ1
			ViewNo= [16,17,18,19,20],
			Position0=[-42,-357,],
			Position1=[8,-286],
			Position2=[26,-332],
			Position3=[5,-252],
			Position4=[-14,-350],
			List=[
				16,17,18,19,20,22// 髪,眉
			] },
		{//パーツ2
			ViewNo=[80,81,82,83,84],
			Position0=[-19,-252,],
			Position1=[56,-200],
			Position2=[-38,-246],
			Position3=[1,-159],
			Position4=[-93,-293],
			List=[
				80,81,82,83,84,//シャツ
				91,92,93,94,95,//シャツボタン
			] },
		{//パーツ3
			ViewNo=[144,145,146,147,148],
			Position0=[-51,-99,],
			Position1=[34,-115],
			Position2=[-20,-125],
			Position3=[-17,-71],
			Position4=[-304,62],
			List=[
				144,145,146,147,148,//パンツ
			] },
		{//パーツ4
			ViewNo= [96,97,98,99,100],
			Position0=[-47,-161,],
			Position1=[ 113,-180,],
			Position2=[ -43,-183,],
			Position3=[ -35,-148,],
			Position4=[24,-50,],
			List=[
				96,97,98,99,100,//スカーフ
			] },
		{//パーツ5
			ViewNo= [1,2,3,4,5],
			Position0=[-26,-300, -26,-373, -43,14],
			Position1=[78,-236, -26,-7],
			Position2=[-78,-319, -62,-310, -33,9],
			Position3=[253,-201, 104,14],
			Position4=[-68,-116, 86,-360],
			List=[
				1,2,3,4,5,6,//肌
				8,9,10,11,12,13,15,//目
				32,33,35,//タバコ
				155,156,157,158,159,//金属類
				192,193,195,196,197,198,199,201,//靴
				211,212,213,214,215,//靴
			] },
	],
	chara26 = [ // Izu
		{//ベース
			ViewNo= [64,25,144],
			Position0=[-25,-206, -64,-181],
			Position1=[-2,-131, -40,-148,],
			Position2=[-10,-218, -10,-98]
			Position3=[-30,-261, -17,-242],
			Position4=[-69,-230],
		}//ワンピース、ストール
		{//パーツ1
			ViewNo= [16,17,18,19,20],
			Position0=[-23,-277,],
			Position1=[5,-198],
			Position2=[-15,-262],
			Position3=[33,-272],
			Position4=[-9,-443],
			List=[
				16,17,18,19,20,// 髪
			] },
		{//パーツ2
			ViewNo=[193,194,195,196,197,],
			Position0=[-18,-249, -48,-186],
			Position1=[21,-166, -39,-170],
			Position2=[8,-224, -92,-157],
			Position3=[31,-227, -24,-209],
			Position4=[-64,-121],
			List=[
				80,81,82,83,84,//インナー
				87,88,89,90,//背中リボン
				193,194,195,196,197,198,199,200,201,202,204,205,206,//ストール
				209,210,211,212,213,214,215,216,217,218,220,//ストール裏(エレフィ中間の部位)
				// 225,226,227,228,229,230,231,232,233,234,236,//ストール裏
			] },
		{//パーツ3
			ViewNo=[112,113,114,115,116],
			Position0=[-30,-82],
			Position1=[-27,-85],
			Position2=[-31,-139],
			Position3=[-64,-143],
			Position4=[],
			List=[
				112,113,114,115,116,//レギンス
				118,119,120,121,122,//レギンスの紐
			] },
		{//パーツ4
			ViewNo= [22,23,24,25],
			Position0=[1,-299, 17,-260],
			Position1=[-5,-206, 34,-181],
			Position2=[10,-266, 30,-239],
			Position3=[44,-282, 30,-244],
			Position4=[226,-390, 107,-175],
			List=[
				22,23,24,25,//シュシュ
				38,39,40,41,//カチューシャ
			] },
		{//パーツ5
			ViewNo= [1,2,3,4,5],
			Position0=[-7,-256, 6,-279, -25,14],
			Position1=[32,-236, 2,-178, 59,9],
			Position2=[-2,-173, 11,-241, -85,-56],
			Position3=[-42,-296, 19,-263, -23,-102],
			Position4=[-12,-271, 15,-349,],
			List=[
				1,2,3,4,5,6,7,8,//肌
				11,12,13,14,15,27,28,29,30,31,//白目,まつげ,黒目
				144,145,146,147,148,150,151,152,154,155,//サンダル
			] },
	],	

	chara27 = [ // hyd
		{//ベース
			ViewNo= [96,75,64],
			Position0=[-27,-240, -21, -317, -89,13, -7,-252, ],
			Position1=[50,-196, 72,-247, -88, 11],
			Position2=[-22,-242, 5,-265, -16,-114],
			Position3=[33,-90, -50,-425, -55, -155],
		},// ジャケット1、後頭部、靴,Tシャツ
		{//パーツ1
			ViewNo= [16,17,18,19,20],
			Position0=[-12,-304,],
			Position1=[93,-243],
			Position2=[21,-260],
			Position3=[20,-355],
			List=[16,17,18,19,20,22,23,29],
		},// 前髪
		{//パーツ2
			ViewNo=[112,113,114,115],
			Position0=[-62,-104,],
			Position1=[-4,-88,],
			Position2=[-89,-119],
			Position3=[],
			List=[112,113,114,115],
		},// スラックス
		{//パーツ3
			ViewNo= [75,76,77,78,79],
			Position0=[-17,-250, -49,-149, -26,-197],
			Position1=[84,-198, 8,-104, 35, -157],
			Position2=[-67,-154, -89,-137, -51,-185],
			Position3=[-73,-93, -89,-229, 148,-34],
			List=[70,71,72,73,75,76,77,78,79,80,81,82,83] },//ジャケット2、Yシャツ、ベルト
		{//パーツ4
			ViewNo= [38,39,40,41,42],
			Position0=[41,-133, -3,-282, -2,-264],
			Position1=[41,-101, 115,-227, 100,-218],
			Position2=[-60,-348, 36,-231],
			Position3=[-12,-222, 69,-286],
			List=[1,2,3,4,5,6,7,8,9,11,12,13,15,38,39,40,41,42,43] },// 肌、目、インナー
		{//パーツ5
			ViewNo=[96,97,98,99],
			Position0=[-43,-215, -106,-99],
			Position1=[91,-198, 99,-61],
			Position2=[28,-192, -68,-389],
			Position3=[108,-96, -102,-113],
			List=[96,97,98,99,101,102,104,105,160,161,162,163,164,165,166,167,168,169] },//ワッペン、ネクタイ、インスレーター
	],
/* 適当テーブル
		// [0]はbase, [1]-[15]がsub
		{//ベース
			ViewNo=  1  } // 
		{//ベース
			ViewNo=  1,
			List=[1,2,3,4,5,6,7,8,9,10,11,12,13,14,15,16,17,18,19,20,21,22,23,24,25,26,27,28,29,30,31] },
		{//ベース
			ViewNo= 31,
			List=[32,33,34,35,36,37,38,39,40] },
		{//ベース
			ViewNo= 75,
			List=[75,76,77,78,79] },//パーツ3
		{//ベース
			ViewNo=160,
			List=[160,161,162,163,164,165,166,167,168,169] },
		{//ベース
			ViewNo=170,
			List=[170] },
*/
}



